24 614
26 611
26 612
27 610
27 611
28 608
28 609
29 607
30 606
31 604
32 603
32 604
33 602
34 600
34 601
36 597
37 596
38 633
39 593
62 116
74 93
74 95
76 89
77 89
77 146
82 137
83 135
84 131
84 133
85 131
88 126
90 122
91 61
92 116
92 118
95 111
95 113
97 108
97 109
97 173
98 172
100 165
100 168
101 166
102 162
102 164
103 97
103 160
104 158
104 159
104 160
104 161
105 156
105 159
106 154
106 157
107 90
107 156
107 533
107 534
108 88
108 532
108 533
108 534
108 535
109 86
109 149
109 537
110 84
110 150
110 536
110 537
110 538
110 539
110 540
111 537
111 538
111 541
112 78
112 79
112 146
112 539
112 540
112 541
112 543
113 78
113 79
113 145
113 543
113 544
113 545
113 546
114 543
114 544
114 547
114 548
115 138
115 139
115 141
115 545
115 546
115 549
115 550
115 551
116 136
116 137
116 139
116 547
116 548
116 549
116 552
116 553
117 97
117 135
117 138
117 144
117 551
117 552
117 553
117 554
117 555
117 556
118 134
118 136
118 555
118 557
118 558
118 559
119 131
119 134
119 556
119 557
119 558
119 559
119 560
119 561
119 562
120 130
120 132
120 557
120 558
120 562
120 563
121 131
121 556
121 557
121 559
121 560
121 561
121 565
122 557
122 558
122 561
122 562
122 563
122 566
122 567
123 58
123 60
123 133
123 564
123 568
123 569
123 570
124 565
124 566
124 571
124 572
125 567
125 568
125 573
125 574
126 569
126 574
126 575
127 119
127 571
127 572
127 577
128 115
128 573
128 574
128 578
128 579
129 115
129 575
129 576
129 580
129 581
130 577
130 578
130 579
130 582
131 109
131 112
131 580
131 581
131 582
131 583
132 110
133 105
133 108
134 104
134 106
135 588
136 100
136 103
137 98
137 101
137 596
138 97
138 99
138 595
138 596
138 597
139 97
139 98
139 594
139 598
139 599
140 93
140 594
140 595
140 600
140 601
141 91
141 596
141 597
141 602
141 603
142 24
142 329
142 598
142 599
142 604
142 605
143 91
143 328
143 600
143 601
143 606
143 607
144 21
144 86
144 602
144 603
144 608
144 609
145 604
145 605
145 609
145 610
146 606
146 607
146 608
146 611
146 612
147 609
147 610
147 611
147 612
147 613
148 81
148 317
148 318
148 319
148 611
148 612
148 614
148 615
149 76
149 77
149 79
149 613
149 614
149 615
149 616
149 617
150 78
150 615
150 616
150 617
150 618
151 73
151 76
151 82
152 75
152 81
153 72
153 623
153 624
155 628
156 627
156 629
156 630
157 626
157 627
157 632
158 57
158 628
158 629
158 633
158 634
159 61
159 630
159 634
160 59
160 617
160 631
160 632
160 633
161 56
161 633
161 634
163 54
167 47
168 45
169 40
169 43
171 39
171 40
172 35
172 38
172 245
172 573
173 35
173 245
173 573
173 574
173 575
173 576
174 574
174 575
174 577
174 578
175 29
175 576
175 577
175 579
175 580
176 578
176 579
176 581
176 582
177 59
177 245
177 580
177 581
177 583
177 584
178 244
178 582
178 583
178 585
178 586
179 244
179 245
179 584
179 585
179 587
179 588
180 244
180 245
180 586
180 587
180 589
180 590
181 244
181 245
181 588
181 589
181 592
182 50
182 245
182 590
182 593
182 594
183 25
183 245
183 592
183 593
183 595
183 596
184 594
184 597
184 598
185 14
185 21
185 244
185 596
185 597
185 599
185 600
186 10
186 244
186 540
186 541
186 598
186 599
186 601
186 602
187 12
187 244
187 541
187 543
187 544
187 545
187 600
187 601
187 603
187 604
188 7
188 9
188 244
188 542
188 543
188 544
188 545
188 546
188 547
188 602
188 603
188 605
188 606
189 244
189 544
189 545
189 548
189 549
189 604
189 605
189 607
189 608
190 243
190 244
190 546
190 547
190 550
190 551
190 606
190 607
190 609
190 610
191 243
191 244
191 548
191 549
191 552
191 553
191 608
191 609
191 611
191 612
192 243
192 244
192 550
192 551
192 554
192 555
192 610
192 611
192 613
192 614
193 243
193 244
193 552
193 553
193 555
193 556
193 557
193 612
193 613
193 615
193 616
194 243
194 381
194 386
194 387
194 554
194 555
194 557
194 558
194 614
194 615
194 616
194 617
194 618
195 382
195 383
195 386
195 388
195 390
195 391
195 392
195 393
195 555
195 556
195 557
195 559
195 560
195 616
195 617
195 618
195 619
195 620
196 243
196 385
196 387
196 388
196 389
196 390
196 391
196 392
196 393
196 394
196 395
196 396
196 557
196 558
196 559
196 561
196 562
196 618
196 619
196 620
196 621
196 622
197 242
197 243
197 391
197 393
197 394
197 395
197 396
197 559
197 560
197 563
197 564
197 620
197 621
197 622
197 623
197 624
198 242
198 561
198 562
198 565
198 566
198 623
198 624
198 625
198 626
199 67
199 242
199 563
199 564
199 567
199 568
199 625
199 626
199 627
199 628
200 65
200 565
200 566
200 569
200 570
200 627
200 630
201 419
201 567
201 568
201 571
201 572
201 629
201 630
201 632
202 60
202 62
202 569
202 570
202 573
202 574
202 631
202 632
202 633
202 634
203 56
203 60
203 570
203 571
203 572
203 574
203 575
203 576
203 633
203 634
204 59
204 572
204 573
204 576
204 577
204 578
205 57
205 574
205 575
205 578
205 579
206 55
206 576
206 577
206 580
206 581
207 578
207 579
207 582
207 583
208 580
208 581
208 584
208 585
209 582
209 583
209 586
209 587
210 48
210 584
210 585
210 588
210 589
211 44
211 585
211 586
211 590
211 591
212 44
212 587
212 588
212 592
212 593
213 41
213 589
213 590
213 593
213 594
213 595
214 41
214 591
214 592
214 595
214 596
214 597
215 36
215 39
215 593
215 594
215 597
215 598
216 37
216 595
216 596
216 600
217 36
217 597
217 601
217 602
218 30
218 34
218 42
218 69
218 599
218 600
218 603
218 604
219 600
219 601
219 602
219 605
219 606
220 31
220 602
220 603
220 604
220 605
220 606
220 607
221 27
221 29
221 64
222 27
232 9
235 94
240 81
240 82
240 86
241 85
242 78
242 83
243 80
243 81
243 82
244 78
244 79
245 78
246 71
246 72
246 76
247 70
248 73
249 71
250 70
251 65
251 68
252 63
252 66
253 64
254 59
254 60
254 63
255 58
256 4
256 55
256 59
256 60
257 54
257 58
258 53
258 56
258 67
259 50
259 55
259 63
260 48
260 53
261 52
261 60
262 47
262 50
262 51
263 45
263 46
263 48
263 56
264 47
264 55
264 87
265 55
266 84
266 155
267 50
268 80
271 34
272 136
274 29
275 18
275 122
275 132
276 18
276 26
277 22
277 24
277 128
278 21
278 126
278 158
278 159
279 21
279 22
279 125
279 158
280 19
280 123
280 188
281 122
282 16
282 120
283 116
283 118
283 119
284 13
284 111
284 114
284 115
284 117
285 110
285 112
285 116
286 6
286 108
286 114
287 8
287 109
287 110
287 112
287 113
288 6
288 105
288 106
288 108
288 109
288 111
289 5
289 109
289 110
290 108
291 101
291 105
292 98
292 99
292 105
293 97
293 102
293 103
294 102
295 94
295 97
295 100
297 93
298 95
298 138
299 90
299 94
299 137
299 139
300 28
300 86
300 88
300 92
300 138
301 26
301 137
302 89
302 135
303 83
303 87
303 134
304 81
304 86
304 133
305 20
305 79
305 80
305 84
305 131
306 77
306 79
306 83
306 93
306 94
307 17
307 78
307 81
307 91
307 128
307 129
308 16
308 79
308 80
308 89
308 127
309 72
309 73
309 78
309 118
309 125
309 126
309 482
310 70
310 77
310 124
310 481
311 69
311 71
311 76
312 9
312 70
312 74
312 83
312 120
312 470
312 473
312 474
312 480
313 7
313 70
313 72
313 73
313 83
313 119
313 467
313 470
313 477
314 71
314 80
314 471
314 490
315 116
315 470
316 77
316 115
316 473
316 474
316 475
316 487
317 469
317 471
318 73
319 54
320 51
320 52
320 169
321 107
321 168
321 169
321 481
322 57
322 106
322 167
322 168
323 56
323 450
323 453
323 478
324 54
324 449
324 452
324 455
325 50
325 53
325 448
325 449
325 450
325 453
325 457
326 40
326 48
326 51
326 447
326 448
326 452
327 49
327 84
327 101
327 139
327 157
327 446
327 450
327 455
327 459
328 48
328 156
328 158
328 166
328 448
328 454
328 459
328 528
329 46
329 155
329 156
329 164
329 167
329 446
329 447
329 456
329 458
330 41
330 43
330 45
330 163
330 166
330 438
330 439
330 442
330 443
330 444
330 445
330 451
330 456
330 457
331 43
331 160
331 161
331 164
331 437
331 439
331 441
331 442
331 446
331 450
331 451
331 455
332 41
332 42
332 76
332 92
332 154
332 163
332 434
332 436
332 437
332 441
332 453
332 454
333 161
333 433
333 435
333 436
333 439
333 440
333 447
333 448
333 452
333 453
333 501
334 38
334 106
334 152
334 160
334 435
334 436
334 437
334 440
334 446
334 447
334 451
334 452
334 500
334 501
335 37
335 158
335 431
335 434
335 435
335 436
335 438
335 439
335 442
335 445
335 449
335 450
335 451
335 476
335 500
336 35
336 157
336 429
336 430
336 431
336 437
336 438
336 441
336 443
336 444
336 449
337 151
337 155
337 156
337 428
337 429
337 435
337 436
337 443
337 448
338 154
338 423
338 426
338 427
338 428
338 429
338 433
338 434
338 442
338 446
338 447
338 460
338 472
339 27
339 31
339 152
339 425
339 427
339 432
339 433
339 434
339 437
339 445
339 446
339 459
339 471
339 493
340 24
340 29
340 30
340 137
340 138
340 147
340 151
340 421
340 424
340 426
340 427
340 430
340 431
340 432
340 433
340 435
340 444
340 445
340 458
340 492
341 27
341 28
341 142
341 145
341 150
341 151
341 423
341 425
341 429
341 430
341 431
341 443
341 444
341 456
341 457
341 471
341 492
341 493
342 22
342 26
342 140
342 141
342 142
342 146
342 148
342 149
342 418
342 422
342 424
342 428
342 429
342 430
342 442
342 443
342 455
342 456
342 463
342 464
343 139
343 147
343 417
343 419
343 421
343 423
343 427
343 428
343 429
343 441
343 442
343 454
343 463
343 464
343 465
344 23
344 138
344 145
344 416
344 419
344 420
344 422
344 426
344 427
344 428
344 439
344 440
344 443
344 462
344 463
345 22
345 138
345 144
345 415
345 417
345 418
345 419
345 421
345 424
345 425
345 426
345 427
345 438
345 439
345 451
345 453
345 463
346 138
346 142
346 143
346 413
346 414
346 415
346 416
346 417
346 418
346 420
346 423
346 425
346 426
346 437
346 438
346 455
346 462
347 139
347 141
347 410
347 412
347 413
347 415
347 416
347 417
347 419
347 423
347 436
347 437
347 455
347 461
348 139
348 140
348 403
348 405
348 411
348 412
348 414
348 415
348 416
348 422
348 423
348 424
348 435
348 436
348 438
348 448
348 456
349 11
349 131
349 132
349 138
349 409
349 410
349 411
349 413
349 414
349 415
349 417
349 421
349 422
349 435
349 436
349 447
349 515
350 7
350 129
350 137
350 409
350 410
350 411
350 412
350 413
350 414
350 416
350 420
350 434
350 444
351 8
351 133
351 135
351 398
351 407
351 408
351 409
351 410
351 412
351 413
351 415
351 417
351 433
351 439
351 440
352 134
352 394
352 396
352 402
352 406
352 407
352 409
352 410
352 411
352 416
352 430
352 433
352 437
352 438
352 440
352 441
352 447
352 466
353 127
353 393
353 400
353 405
353 406
353 407
353 409
353 410
353 416
353 418
353 434
353 436
353 437
353 438
353 439
353 440
353 445
353 538
354 4
354 7
354 126
354 131
354 399
354 401
354 402
354 404
354 406
354 407
354 408
354 409
354 415
354 437
354 438
354 440
354 442
354 504
354 509
355 5
355 54
355 124
355 125
355 129
355 130
355 392
355 397
355 403
355 405
355 406
355 407
355 434
355 435
355 439
355 441
355 446
355 447
355 510
355 534
356 123
356 128
356 391
356 392
356 397
356 403
356 404
356 405
356 406
356 435
356 436
356 438
356 534
356 564
357 126
357 388
357 389
357 390
357 393
357 395
357 396
357 402
357 405
357 436
357 447
357 449
357 533
358 120
358 387
358 394
358 404
358 410
358 436
358 443
358 459
359 118
359 119
359 120
359 123
359 388
359 393
359 395
359 400
359 403
359 406
359 435
359 455
359 458
359 505
360 47
360 117
360 119
360 122
360 392
360 399
360 402
360 405
360 435
360 444
360 457
360 478
361 8
361 115
361 116
361 120
361 121
361 391
361 398
361 401
361 438
361 447
361 496
361 578
361 579
362 113
362 119
362 390
362 392
362 396
362 400
362 448
362 456
362 468
362 475
362 502
363 111
363 112
363 115
363 117
363 118
363 172
363 383
363 386
363 391
363 394
363 395
363 398
363 399
363 442
363 449
363 474
363 500
363 526
363 529
363 587
364 110
364 116
364 171
364 383
364 386
364 387
364 389
364 394
364 395
364 397
364 441
364 448
364 452
364 471
364 473
364 474
364 476
364 528
364 584
364 585
364 596
365 108
365 114
365 115
365 126
365 127
365 170
365 380
365 382
365 385
365 386
365 388
365 390
365 393
365 396
365 439
365 448
365 451
365 453
365 472
365 473
365 476
365 477
365 515
365 518
365 527
365 583
366 113
366 125
366 126
366 160
366 381
366 383
366 386
366 388
366 390
366 438
366 447
366 450
366 451
366 452
366 457
366 463
366 470
366 471
366 473
366 477
366 478
366 479
366 586
366 588
366 592
367 112
367 123
367 125
367 128
367 167
367 380
367 382
367 385
367 386
367 390
367 437
367 449
367 469
367 470
367 471
367 472
367 474
367 478
367 479
367 509
367 521
367 524
367 585
368 103
368 106
368 111
368 125
368 166
368 379
368 380
368 383
368 384
368 385
368 389
368 391
368 443
368 446
368 448
368 450
368 452
368 468
368 469
368 470
368 472
368 479
368 480
368 481
368 499
368 510
368 523
368 579
368 588
368 592
369 105
369 109
369 110
369 120
369 164
369 165
369 379
369 381
369 382
369 383
369 387
369 388
369 442
369 446
369 447
369 449
369 451
369 453
369 458
369 460
369 466
369 467
369 468
369 469
369 481
369 495
369 510
369 522
369 578
369 579
369 589
369 591
370 103
370 108
370 158
370 163
370 378
370 387
370 448
370 450
370 454
370 466
370 468
370 479
370 480
370 494
370 504
370 512
370 520
370 577
370 578
370 586
371 100
371 106
371 107
371 117
371 118
371 162
371 377
371 378
371 379
371 380
371 381
371 444
371 446
371 448
371 453
371 459
371 462
371 464
371 465
371 466
371 478
371 479
371 493
371 501
371 509
371 511
371 576
371 583
371 585
372 29
372 105
372 115
372 116
372 378
372 381
372 384
372 443
372 447
372 453
372 455
372 458
372 464
372 476
372 477
372 478
372 492
372 510
372 578
372 580
373 28
373 101
373 102
373 103
373 114
373 378
373 379
373 382
373 442
373 450
373 452
373 457
373 461
373 463
373 475
373 476
373 477
373 478
373 491
373 501
373 517
373 573
373 574
373 579
373 581
373 586
374 101
374 113
374 375
374 376
374 377
374 378
374 381
374 384
374 385
374 449
374 456
374 460
374 475
374 490
374 499
374 500
374 517
374 572
374 573
374 578
374 580
374 585
375 111
375 113
375 375
375 380
375 383
375 453
375 455
375 473
375 474
375 488
375 490
375 500
375 510
375 515
375 516
375 574
375 576
375 577
375 579
375 584
376 110
376 112
376 372
376 373
376 374
376 376
376 379
376 382
376 452
376 454
376 456
376 473
376 474
376 487
376 489
376 499
376 552
376 573
376 575
376 576
376 577
376 579
376 583
377 108
377 153
377 371
377 377
377 381
377 453
377 471
377 472
377 473
377 476
377 486
377 488
377 494
377 498
377 501
377 510
377 512
377 513
377 574
377 576
377 582
378 152
378 370
378 372
378 376
378 379
378 380
378 471
378 472
378 485
378 487
378 492
378 496
378 498
378 500
378 503
378 524
378 570
378 573
378 575
378 581
379 18
379 82
379 84
379 105
379 151
379 369
379 371
379 374
379 378
379 451
379 469
379 470
379 473
379 483
379 484
379 491
379 495
379 497
379 499
379 502
379 505
379 508
379 510
379 520
379 523
379 569
379 571
379 572
379 573
379 580
380 82
380 86
380 106
380 376
380 377
380 468
380 469
380 479
380 482
380 483
380 490
380 494
380 496
380 498
380 512
380 520
380 522
380 532
380 568
380 570
380 572
380 574
380 579
381 375
381 376
381 379
381 468
381 475
381 478
381 481
381 483
381 489
381 491
381 493
381 495
381 497
381 500
381 519
381 567
381 569
381 571
381 572
381 578
381 594
382 145
382 374
382 376
382 378
382 380
382 467
382 480
382 482
382 485
382 487
382 488
382 490
382 491
382 494
382 496
382 499
382 517
382 518
382 520
382 530
382 563
382 565
382 571
382 574
382 576
382 577
382 593
382 595
383 88
383 373
383 377
383 466
383 476
383 479
383 484
383 486
383 489
383 490
383 493
383 495
383 498
383 501
383 512
383 514
383 516
383 519
383 522
383 529
383 562
383 570
383 576
383 595
384 86
384 87
384 142
384 143
384 372
384 377
384 473
384 475
384 478
384 483
384 485
384 486
384 488
384 489
384 490
384 491
384 494
384 497
384 500
384 508
384 511
384 512
384 515
384 517
384 518
384 521
384 563
384 568
384 569
384 575
385 141
385 142
385 374
385 377
385 378
385 472
385 473
385 477
385 478
385 482
385 484
385 485
385 487
385 489
385 490
385 491
385 493
385 496
385 499
385 504
385 505
385 507
385 510
385 511
385 516
385 517
385 520
385 560
385 562
385 564
385 567
385 574
385 575
386 84
386 366
386 372
386 373
386 377
386 381
386 472
386 474
386 483
386 484
386 486
386 487
386 488
386 489
386 490
386 495
386 497
386 503
386 504
386 506
386 509
386 514
386 516
386 527
386 559
386 561
386 563
386 565
386 566
386 573
386 574
386 588
386 590
387 68
387 69
387 79
387 368
387 373
387 379
387 471
387 479
387 483
387 485
387 486
387 488
387 489
387 494
387 495
387 498
387 503
387 505
387 508
387 513
387 515
387 519
387 521
387 526
387 529
387 558
387 560
387 562
387 564
387 572
387 575
387 587
387 599
388 67
388 69
388 78
388 80
388 367
388 375
388 470
388 473
388 482
388 484
388 487
388 495
388 496
388 502
388 503
388 504
388 506
388 507
388 510
388 517
388 520
388 557
388 559
388 561
388 563
388 572
388 578
388 586
389 66
389 67
389 68
389 79
389 365
389 369
389 377
389 378
389 483
389 501
389 502
389 503
389 505
389 506
389 508
389 509
389 516
389 517
389 518
389 530
389 537
389 558
389 560
389 562
389 564
389 571
389 577
389 585
389 589
390 66
390 70
390 78
390 117
390 380
390 500
390 502
390 504
390 505
390 507
390 508
390 513
390 516
390 518
390 519
390 525
390 528
390 559
390 560
390 561
390 568
390 570
390 584
391 117
391 365
391 366
391 369
391 375
391 376
391 379
391 385
391 498
391 499
391 501
391 503
391 504
391 506
391 507
391 509
391 512
391 520
391 521
391 527
391 561
391 563
391 567
391 582
391 583
392 75
392 154
392 365
392 367
392 371
392 373
392 379
392 381
392 495
392 498
392 499
392 500
392 502
392 503
392 505
392 506
392 508
392 511
392 521
392 522
392 532
392 537
392 538
392 562
392 566
392 581
392 586
393 69
393 73
393 153
393 204
393 365
393 366
393 370
393 372
393 377
393 494
393 496
393 497
393 498
393 499
393 501
393 502
393 504
393 505
393 507
393 510
393 513
393 520
393 521
393 531
393 536
393 539
393 563
393 565
393 585
394 72
394 200
394 370
394 371
394 374
394 378
394 493
394 495
394 496
394 497
394 498
394 500
394 501
394 503
394 504
394 506
394 509
394 512
394 540
394 579
394 584
395 70
395 371
395 375
395 381
395 384
395 492
395 494
395 495
395 496
395 497
395 500
395 502
395 505
395 508
395 511
395 514
395 525
395 528
395 564
395 578
396 60
396 69
396 108
396 182
396 370
396 374
396 376
396 491
396 493
396 494
396 495
396 496
396 498
396 499
396 501
396 507
396 508
396 510
396 517
396 526
396 527
396 531
396 535
396 541
396 563
396 577
397 64
397 107
397 108
397 369
397 374
397 375
397 378
397 493
397 495
397 498
397 504
397 506
397 507
397 509
397 528
397 533
397 540
397 541
397 544
397 560
397 562
397 576
397 582
398 58
398 62
398 66
398 367
398 373
398 386
398 492
398 494
398 497
398 499
398 503
398 505
398 506
398 508
398 531
398 536
398 539
398 540
398 542
398 543
398 545
398 572
398 575
398 577
399 64
399 371
399 372
399 385
399 491
399 493
399 495
399 498
399 504
399 507
399 529
399 537
399 539
399 543
399 544
399 546
399 574
399 576
400 63
400 143
400 370
400 371
400 384
400 385
400 492
400 494
400 496
400 499
400 516
400 536
400 537
400 538
400 541
400 542
400 547
400 548
400 573
401 61
401 364
401 370
401 383
401 384
401 494
401 495
401 496
401 529
401 535
401 537
401 540
401 541
401 548
401 572
402 55
402 60
402 368
402 382
402 383
402 497
402 534
402 536
402 537
402 538
402 539
402 583
403 59
403 380
403 381
403 533
403 534
403 536
403 537
403 538
403 540
403 551
403 573
404 57
404 202
404 379
404 380
404 532
404 533
404 536
404 537
404 538
404 546
404 551
404 552
404 583
405 56
405 378
405 379
405 528
405 531
405 532
405 536
405 537
405 552
406 54
406 55
406 199
406 377
406 378
406 380
406 522
406 527
406 529
406 532
406 535
406 536
406 551
407 53
407 197
407 376
407 509
407 510
407 520
407 521
407 526
407 527
407 528
407 531
407 532
407 533
407 535
407 543
407 549
407 550
407 633
407 634
408 51
408 375
408 508
408 509
408 511
408 519
408 520
408 524
408 525
408 526
408 530
408 533
408 548
408 549
408 590
408 632
409 50
409 195
409 373
409 374
409 377
409 383
409 384
409 507
409 508
409 518
409 519
409 523
409 524
409 525
409 531
409 536
409 547
409 548
410 177
410 178
410 184
410 193
410 194
410 372
410 373
410 374
410 379
410 506
410 507
410 508
410 511
410 517
410 522
410 524
410 529
410 530
410 532
410 546
410 547
411 192
411 371
411 505
411 510
411 512
411 516
411 517
411 518
411 521
411 522
411 523
411 524
411 528
411 529
411 531
411 545
411 546
412 38
412 39
412 191
412 370
412 372
412 376
412 378
412 504
412 509
412 511
412 515
412 517
412 520
412 521
412 522
412 523
412 526
412 527
412 529
412 544
412 545
412 573
412 602
413 157
413 180
413 190
413 369
413 371
413 377
413 378
413 503
413 505
413 508
413 510
413 514
413 516
413 519
413 520
413 522
413 523
413 524
413 525
413 526
413 527
413 528
413 543
413 574
413 601
413 603
414 43
414 180
414 188
414 370
414 376
414 377
414 379
414 502
414 504
414 505
414 507
414 508
414 509
414 513
414 515
414 517
414 519
414 520
414 522
414 523
414 524
414 526
414 527
414 542
414 599
414 601
414 602
414 603
415 187
415 352
415 369
415 376
415 378
415 379
415 506
415 507
415 514
415 516
415 518
415 524
415 525
415 526
415 541
415 598
415 600
415 602
416 169
416 186
416 376
416 377
416 378
416 379
416 502
416 505
416 506
416 511
416 515
416 517
416 518
416 519
416 522
416 523
416 524
416 539
416 540
416 596
416 597
416 601
417 184
417 368
417 375
417 377
417 378
417 381
417 505
417 507
417 508
417 510
417 514
417 516
417 518
417 521
417 522
417 523
417 539
417 555
417 569
417 595
418 183
418 368
418 369
418 380
418 504
418 509
418 520
418 521
418 522
418 537
418 538
418 554
418 568
418 590
418 596
419 173
419 174
419 370
419 373
419 379
419 492
419 503
419 514
419 517
419 519
419 520
419 536
419 537
419 553
419 567
419 594
419 595
420 148
420 171
420 180
420 181
420 336
420 378
420 518
420 519
420 522
420 535
420 536
420 551
420 552
420 566
420 593
420 594
421 179
421 373
421 374
421 380
421 508
421 518
421 529
421 534
421 535
421 550
421 566
421 567
422 178
422 370
422 373
422 509
422 533
422 534
422 550
422 560
422 561
422 567
422 592
422 595
422 621
423 24
423 369
423 517
423 532
423 533
423 548
423 559
423 561
423 568
423 592
423 593
423 594
423 620
423 621
424 28
424 165
424 166
424 175
424 341
424 368
424 373
424 377
424 505
424 516
424 524
424 531
424 532
424 547
424 558
424 560
425 21
425 26
425 84
425 174
425 367
425 370
425 372
425 375
425 504
425 506
425 511
425 514
425 515
425 530
425 531
425 534
425 546
425 550
425 560
425 620
426 25
426 166
426 171
426 366
426 371
426 374
426 505
426 529
426 530
426 533
426 547
426 559
427 23
427 24
427 81
427 165
427 170
427 171
427 370
427 528
427 529
427 532
427 558
428 16
428 22
428 164
428 169
428 364
428 372
428 374
428 527
428 533
428 550
429 158
429 162
429 167
429 168
429 363
429 369
429 370
429 371
429 511
429 526
429 527
429 542
430 19
430 33
430 160
430 161
430 166
430 366
430 369
430 510
430 525
430 526
430 532
430 541
431 18
431 74
431 76
431 159
431 161
431 165
431 365
431 368
431 371
431 524
431 525
431 531
431 539
432 74
432 157
432 158
432 164
432 370
432 524
432 538
433 15
433 27
433 73
433 156
433 158
433 162
433 369
433 508
433 522
433 523
433 536
433 539
434 9
434 13
434 14
434 25
434 72
434 153
434 154
434 155
434 160
434 161
434 225
434 365
434 368
434 509
434 521
434 522
434 533
435 159
435 364
435 367
435 372
435 508
435 520
435 521
435 533
436 151
436 155
436 157
436 158
436 363
436 365
436 366
436 519
436 520
436 530
436 531
436 536
437 5
437 21
437 68
437 149
437 150
437 157
437 362
437 367
437 518
437 519
437 529
438 5
438 147
438 148
438 156
438 359
438 361
438 369
438 517
438 518
438 527
439 154
439 168
439 169
439 358
439 359
439 362
439 516
439 525
439 527
439 528
439 529
440 16
440 62
440 148
440 153
440 166
440 168
440 169
440 358
440 361
440 370
440 515
440 525
440 526
440 527
440 528
441 15
441 16
441 143
441 145
441 147
441 152
441 165
441 170
441 360
441 366
441 524
441 527
441 528
442 145
442 146
442 151
442 353
442 359
442 523
442 527
442 528
443 139
443 142
443 144
443 149
443 150
443 162
443 205
443 214
443 356
443 358
443 362
443 521
443 523
443 526
443 527
444 58
444 142
444 147
444 161
444 162
444 163
444 204
444 214
444 344
444 356
444 357
444 361
444 521
444 522
444 523
444 525
444 526
445 141
445 147
445 148
445 161
445 162
445 213
445 355
445 356
445 360
445 363
445 511
445 520
445 525
445 600
446 140
446 141
446 158
446 160
446 212
446 354
446 355
446 356
446 359
446 362
446 365
446 518
446 519
446 522
446 524
447 211
447 310
447 313
447 353
447 355
447 357
447 361
447 508
447 517
447 523
447 610
448 139
448 143
448 155
448 157
448 210
448 352
448 354
448 356
448 507
448 517
448 518
448 519
449 140
449 154
449 156
449 301
449 325
449 351
449 354
449 358
449 508
449 515
449 516
449 517
449 518
449 522
450 152
450 155
450 309
450 324
450 325
450 339
450 353
450 355
450 357
450 360
450 514
450 517
450 518
450 542
450 543
450 549
451 151
451 154
451 323
451 324
451 326
451 339
451 346
451 350
451 352
451 355
451 356
451 359
451 362
451 511
451 517
451 518
451 533
451 605
452 150
452 153
452 301
452 305
452 321
452 325
452 327
452 348
452 350
452 352
452 354
452 356
452 357
452 359
452 518
452 520
452 532
452 575
453 148
453 202
453 300
453 304
453 320
453 328
453 344
453 346
453 349
453 353
453 355
453 356
453 511
453 517
453 531
453 540
453 578
454 147
454 200
454 201
454 319
454 322
454 348
454 352
454 354
454 355
454 510
454 516
454 579
455 118
455 197
455 199
455 200
455 318
455 321
455 329
455 343
455 347
455 353
455 354
455 357
455 358
455 360
455 508
455 509
455 510
455 511
455 515
455 571
455 573
455 580
456 117
456 118
456 119
456 196
456 198
456 199
456 300
456 320
456 340
456 342
456 346
456 353
456 357
456 359
456 360
456 507
456 508
456 510
456 513
456 514
456 528
456 537
456 546
456 570
456 572
456 581
457 117
457 195
457 197
457 198
457 322
457 344
457 358
457 506
457 507
457 508
457 509
457 510
457 512
457 513
457 516
457 527
457 575
457 582
458 293
458 296
458 314
458 324
458 342
458 343
458 345
458 347
458 349
458 351
458 355
458 357
458 358
458 506
458 507
458 508
458 511
458 512
458 526
458 528
458 532
458 535
458 541
458 543
458 568
458 574
458 581
458 583
459 19
459 292
459 341
459 343
459 345
459 346
459 350
459 354
459 356
459 357
459 507
459 508
459 509
459 510
459 511
459 524
459 525
459 527
459 532
459 534
459 536
459 537
459 542
459 545
459 567
459 580
459 582
460 125
460 192
460 293
460 311
460 340
460 342
460 344
460 345
460 348
460 353
460 354
460 355
460 356
460 506
460 507
460 508
460 509
460 510
460 511
460 524
460 525
460 526
460 527
460 529
460 531
460 536
460 539
460 541
460 544
460 549
460 558
460 566
460 568
460 575
460 577
460 579
461 310
461 312
461 334
461 341
461 343
461 344
461 345
461 349
461 352
461 353
461 354
461 505
461 507
461 508
461 510
461 523
461 525
461 526
461 528
461 534
461 535
461 538
461 540
461 543
461 548
461 565
461 567
461 578
461 627
462 123
462 309
462 333
462 337
462 340
462 342
462 344
462 346
462 353
462 354
462 500
462 505
462 507
462 508
462 509
462 525
462 527
462 537
462 538
462 543
462 547
462 564
462 577
462 578
462 579
463 104
463 121
463 122
463 216
463 308
463 333
463 341
463 343
463 345
463 352
463 499
463 500
463 502
463 503
463 508
463 509
463 510
463 523
463 525
463 536
463 537
463 542
463 546
463 563
463 575
463 577
464 103
464 120
464 188
464 307
464 339
464 340
464 341
464 343
464 350
464 498
464 501
464 502
464 509
464 510
464 522
464 524
464 530
464 536
464 539
464 562
464 574
464 576
465 102
465 119
465 186
465 187
465 305
465 328
465 340
465 343
465 344
465 497
465 510
465 511
465 522
465 523
465 525
465 532
465 538
465 561
465 572
465 573
465 575
466 8
466 101
466 104
466 186
466 334
466 338
466 341
466 342
466 343
466 349
466 496
466 498
466 511
466 512
466 517
466 518
466 521
466 530
466 532
466 533
466 537
466 538
466 541
466 553
466 560
466 573
466 574
466 575
467 100
467 102
467 116
467 340
467 342
467 347
467 512
467 513
467 516
467 517
467 520
467 529
467 536
467 537
467 544
467 545
467 552
467 553
467 559
467 561
467 573
467 574
468 100
468 110
468 270
468 334
468 335
468 341
468 346
468 513
468 514
468 516
468 518
468 519
468 521
468 528
468 530
468 536
468 539
468 543
468 560
468 571
468 572
468 573
469 109
469 271
469 300
469 333
469 335
469 340
469 345
469 493
469 511
469 514
469 515
469 517
469 518
469 520
469 527
469 529
469 533
469 535
469 538
469 539
469 542
469 556
469 559
469 570
469 571
469 572
470 107
470 112
470 161
470 193
470 268
470 269
470 324
470 325
470 331
470 334
470 344
470 494
470 515
470 516
470 517
470 526
470 527
470 532
470 534
470 537
470 538
470 541
470 542
470 555
470 558
470 569
470 570
470 571
471 268
471 322
471 329
471 336
471 343
471 513
471 514
471 515
471 517
471 522
471 525
471 526
471 531
471 532
471 535
471 537
471 540
471 541
471 555
471 557
471 568
471 570
471 600
472 105
472 109
472 263
472 342
472 348
472 510
472 511
472 512
472 513
472 516
472 525
472 526
472 531
472 532
472 536
472 539
472 540
472 543
472 553
472 554
472 567
472 569
472 602
473 104
473 108
473 280
473 340
473 509
473 510
473 511
473 512
473 520
473 522
473 524
473 525
473 528
473 530
473 533
473 535
473 538
473 539
473 552
473 553
473 555
473 566
473 568
473 601
474 103
474 179
474 202
474 359
474 509
474 510
474 519
474 521
474 523
474 527
474 529
474 534
474 537
474 538
474 549
474 552
474 554
474 565
474 567
475 102
475 105
475 201
475 336
475 338
475 343
475 344
475 357
475 358
475 360
475 507
475 508
475 509
475 518
475 520
475 521
475 528
475 529
475 531
475 533
475 536
475 537
475 548
475 551
475 553
475 566
476 85
476 103
476 104
476 274
476 336
476 342
476 343
476 345
476 347
476 355
476 356
476 357
476 359
476 505
476 507
476 508
476 515
476 518
476 519
476 520
476 521
476 524
476 527
476 530
476 532
476 535
476 536
476 547
476 550
476 551
476 552
476 562
476 565
