326 447
326 448
327 446
327 450
328 448
329 446
329 447
330 438
330 439
330 442
330 443
330 444
330 445
330 451
331 437
331 439
331 441
331 442
331 446
331 450
331 451
332 434
332 436
332 437
332 441
332 453
332 454
333 433
333 435
333 436
333 439
333 440
333 447
333 448
333 452
333 453
334 435
334 436
334 437
334 440
334 446
334 447
334 451
334 452
335 431
335 434
335 435
335 436
335 438
335 439
335 442
335 445
335 449
335 450
335 451
336 429
336 430
336 431
336 437
336 438
336 441
336 443
336 444
336 449
337 428
337 429
337 435
337 436
337 443
337 448
338 423
338 426
338 427
338 428
338 429
338 433
338 434
338 442
338 446
338 447
339 425
339 427
339 432
339 433
339 434
339 437
339 445
339 446
340 421
340 424
340 426
340 427
340 430
340 431
340 432
340 433
340 435
340 444
340 445
341 423
341 425
341 429
341 430
341 431
341 443
341 444
342 418
342 422
342 424
342 428
342 429
342 430
342 442
342 443
343 417
343 419
343 421
343 423
343 427
343 428
343 429
343 441
343 442
344 416
344 419
344 420
344 422
344 426
344 427
344 428
344 439
344 440
344 443
345 415
345 417
345 418
345 419
345 421
345 424
345 425
345 426
345 427
345 438
345 439
346 413
346 414
346 415
346 416
346 417
346 418
346 420
346 423
346 425
346 426
346 437
346 438
347 410
347 412
347 413
347 415
347 416
347 417
347 419
347 423
347 436
347 437
348 403
348 405
348 411
348 412
348 414
348 415
348 416
348 422
348 423
348 424
348 435
348 436
348 438
349 409
349 410
349 411
349 413
349 414
349 415
349 417
349 421
349 422
349 435
349 436
349 447
350 409
350 410
350 411
350 412
350 413
350 414
350 416
350 420
350 434
350 444
351 398
351 407
351 408
351 409
351 410
351 412
351 413
351 415
351 417
351 433
351 439
351 440
352 396
352 402
352 406
352 407
352 409
352 410
352 411
352 416
352 430
352 433
352 437
352 438
352 440
352 441
353 400
353 405
353 406
353 407
353 409
353 410
353 416
353 418
353 438
353 439
353 440
353 445
354 399
354 401
354 402
354 404
354 406
354 407
354 408
354 409
354 415
354 438
354 440
354 442
355 397
355 403
355 405
355 406
355 407
355 439
355 441
356 391
356 392
356 397
356 403
356 404
356 405
356 406
356 438
357 388
357 389
357 390
357 393
357 395
357 396
357 402
357 405
358 387
358 394
358 404
358 410
358 443
359 388
359 393
359 395
359 400
359 403
359 406
360 392
360 399
360 402
360 405
360 444
361 391
361 398
361 401
361 447
362 390
362 392
362 396
362 400
362 448
363 383
363 386
363 391
363 394
363 395
363 398
363 399
363 442
363 449
364 383
364 386
364 387
364 389
364 394
364 395
364 397
364 441
364 448
364 452
365 380
365 382
365 385
365 386
365 388
365 390
365 393
365 396
365 451
365 453
365 472
365 473
366 381
366 383
366 386
366 388
366 390
366 450
366 451
366 452
366 457
366 470
366 471
366 473
367 380
367 382
367 385
367 386
367 390
367 449
367 469
367 470
367 471
367 472
367 474
368 379
368 380
368 383
368 384
368 385
368 389
368 391
368 448
368 450
368 452
368 468
368 469
368 470
368 472
369 379
369 381
369 382
369 383
369 387
369 388
369 449
369 451
369 453
369 458
369 460
369 466
369 467
369 468
369 469
369 481
370 378
370 387
370 454
370 466
370 468
370 479
370 480
371 377
371 378
371 379
371 380
371 381
371 453
371 462
371 464
371 465
371 466
371 478
371 479
371 576
372 378
372 381
372 384
372 453
372 464
372 476
372 477
372 478
372 578
372 580
373 378
373 379
373 382
373 463
373 475
373 476
373 477
373 478
373 491
373 579
373 581
374 375
374 376
374 377
374 378
374 381
374 384
374 385
374 475
374 490
374 499
374 500
374 572
374 573
374 578
374 580
375 375
375 380
375 383
375 473
375 474
375 488
375 490
375 500
375 574
375 576
375 577
375 579
376 372
376 373
376 374
376 376
376 379
376 382
376 473
376 474
376 487
376 489
376 499
376 573
376 575
376 576
376 577
376 579
376 583
377 371
377 377
377 381
377 471
377 472
377 473
377 476
377 486
377 488
377 494
377 498
377 501
377 510
377 512
377 513
377 574
377 576
377 582
378 372
378 376
378 379
378 380
378 471
378 472
378 485
378 487
378 492
378 496
378 498
378 500
378 503
378 570
378 573
378 575
378 581
379 371
379 374
379 378
379 469
379 470
379 473
379 483
379 484
379 491
379 495
379 497
379 499
379 502
379 505
379 508
379 510
379 569
379 571
379 572
379 573
379 580
380 376
380 377
380 479
380 482
380 483
380 490
380 494
380 496
380 498
380 512
380 568
380 570
380 572
380 574
380 579
381 375
381 376
381 379
381 475
381 478
381 481
381 483
381 489
381 491
381 493
381 495
381 497
381 500
381 519
381 567
381 569
381 571
381 572
381 578
382 374
382 376
382 378
382 380
382 480
382 482
382 485
382 487
382 488
382 490
382 491
382 494
382 496
382 499
382 517
382 518
382 520
382 563
382 565
382 571
382 574
382 576
382 577
383 373
383 377
383 476
383 479
383 484
383 486
383 489
383 490
383 493
383 495
383 498
383 501
383 512
383 514
383 516
383 519
383 522
383 570
383 576
384 372
384 377
384 475
384 478
384 483
384 485
384 486
384 488
384 489
384 490
384 491
384 494
384 497
384 500
384 508
384 511
384 512
384 515
384 517
384 518
384 521
384 563
384 568
384 569
384 575
385 374
385 377
385 378
385 477
385 478
385 482
385 484
385 485
385 487
385 489
385 490
385 491
385 493
385 496
385 499
385 504
385 505
385 507
385 510
385 511
385 516
385 517
385 520
385 564
385 567
385 574
385 575
386 372
386 373
386 377
386 483
386 484
386 486
386 487
386 488
386 489
386 490
386 495
386 497
386 503
386 504
386 506
386 509
386 514
386 516
386 563
386 565
386 566
386 573
386 574
387 373
387 379
387 479
387 483
387 485
387 486
387 488
387 489
387 494
387 495
387 498
387 503
387 505
387 508
387 513
387 515
387 519
387 521
387 564
387 572
387 575
388 375
388 482
388 484
388 487
388 495
388 496
388 502
388 503
388 504
388 506
388 507
388 510
388 517
388 520
388 572
388 578
389 369
389 377
389 378
389 483
389 501
389 502
389 503
389 505
389 506
389 508
389 509
389 516
389 517
389 518
389 564
389 571
389 577
390 380
390 500
390 502
390 504
390 505
390 507
390 508
390 513
390 516
390 518
390 519
390 525
390 568
390 570
391 369
391 375
391 376
391 379
391 498
391 499
391 501
391 503
391 504
391 506
391 507
391 509
391 512
391 520
391 521
391 567
392 371
392 373
392 379
392 495
392 498
392 499
392 500
392 502
392 503
392 505
392 506
392 508
392 511
392 521
392 522
392 566
393 370
393 372
393 377
393 494
393 496
393 497
393 498
393 499
393 501
393 502
393 504
393 505
393 507
393 510
393 513
393 520
393 521
393 536
394 371
394 374
394 378
394 493
394 495
394 496
394 497
394 498
394 500
394 501
394 503
394 504
394 506
394 509
394 512
395 375
395 492
395 494
395 495
395 496
395 497
395 500
395 502
395 505
395 508
395 511
395 514
395 528
396 374
396 376
396 491
396 493
396 494
396 495
396 496
396 498
396 499
396 501
396 507
396 508
396 510
396 517
396 527
396 531
396 535
396 541
397 374
397 375
397 378
397 493
397 495
397 498
397 504
397 506
397 507
397 509
397 528
397 533
397 540
397 541
397 544
398 373
398 492
398 494
398 497
398 499
398 503
398 505
398 506
398 508
398 531
398 536
398 539
398 540
398 542
398 543
398 545
399 371
399 372
399 493
399 495
399 498
399 504
399 507
399 529
399 537
399 539
399 543
399 544
399 546
400 494
400 496
400 499
400 516
400 536
400 537
400 538
400 541
400 542
401 495
401 496
401 529
401 535
401 537
401 540
401 541
402 497
402 534
402 536
402 537
402 538
402 539
403 533
403 534
403 536
403 537
403 538
403 540
404 532
404 533
404 536
404 537
404 538
404 546
405 378
405 379
405 528
405 531
405 532
405 536
405 537
406 377
406 378
406 380
406 522
406 527
406 529
406 532
406 535
406 536
407 376
407 509
407 510
407 520
407 521
407 526
407 527
407 528
407 531
407 532
407 533
407 535
407 543
408 375
408 508
408 509
408 511
408 519
408 520
408 524
408 525
408 526
408 530
408 533
409 373
409 374
409 377
409 507
409 508
409 518
409 519
409 523
409 524
409 525
409 531
409 536
410 372
410 373
410 374
410 507
410 508
410 511
410 517
410 522
410 524
410 529
410 530
410 532
411 510
411 512
411 516
411 517
411 518
411 521
411 522
411 523
411 524
411 528
411 529
411 531
412 509
412 511
412 515
412 517
412 520
412 521
412 522
412 523
412 526
412 527
412 529
413 377
413 508
413 510
413 514
413 516
413 519
413 520
413 522
413 523
413 524
413 525
413 526
413 527
413 528
414 376
414 377
414 379
414 507
414 508
414 509
414 513
414 515
414 517
414 519
414 520
414 522
414 523
414 524
414 526
414 527
415 376
415 378
415 506
415 507
415 514
415 516
415 518
415 524
415 525
415 526
416 376
416 377
416 378
416 506
416 511
416 515
416 517
416 518
416 519
416 522
416 523
416 524
417 375
417 377
417 378
417 507
417 508
417 510
417 514
417 516
417 518
417 521
417 522
417 523
418 369
418 509
418 520
418 521
418 522
419 370
419 373
419 514
419 517
419 519
419 520
420 518
420 519
420 522
421 373
421 374
421 508
421 518
421 529
422 370
422 373
422 509
423 517
424 373
424 516
424 524
425 515
428 527
429 526
430 525
430 526
431 524
431 525
431 531
432 524
433 522
433 523
434 521
434 522
435 520
435 521
436 519
436 520
436 530
436 531
437 518
437 519
437 529
438 517
438 518
438 527
439 516
439 525
439 527
439 528
439 529
440 525
440 526
440 527
440 528
441 524
441 527
441 528
442 359
442 523
442 527
443 356
443 358
443 521
443 523
443 526
443 527
444 356
444 357
444 361
444 521
444 522
444 523
444 525
444 526
445 355
445 356
445 360
445 363
445 520
445 525
446 354
446 355
446 356
446 359
446 362
446 518
446 519
446 522
446 524
447 353
447 355
447 357
447 361
447 517
447 523
448 352
448 354
448 356
448 517
448 518
448 519
449 351
449 354
449 358
449 508
449 515
449 516
449 517
449 518
449 522
450 353
450 355
450 357
450 360
450 514
450 517
450 518
451 346
451 350
451 352
451 355
451 356
451 359
451 362
451 511
451 517
451 518
452 348
452 350
452 352
452 354
452 356
452 357
452 359
452 518
452 520
453 344
453 346
453 349
453 353
453 355
453 356
453 511
453 517
454 348
454 352
454 354
454 355
454 510
454 516
455 343
455 347
455 353
455 354
455 357
455 358
455 360
455 508
455 509
455 510
455 511
455 515
456 340
456 342
456 346
456 353
456 357
456 359
456 360
456 507
456 508
456 510
456 513
456 514
456 528
457 344
457 358
457 506
457 507
457 508
457 509
457 510
457 512
457 513
457 516
457 527
458 342
458 343
458 345
458 347
458 349
458 351
458 355
458 357
458 358
458 506
458 507
458 508
458 511
458 512
458 526
458 528
458 532
458 535
459 341
459 343
459 345
459 346
459 350
459 354
459 356
459 357
459 507
459 508
459 509
459 510
459 511
459 524
459 525
459 527
459 532
459 534
459 536
459 537
460 340
460 342
460 344
460 345
460 348
460 353
460 354
460 355
460 356
460 506
460 507
460 508
460 509
460 510
460 511
460 524
460 525
460 526
460 527
460 529
460 531
460 536
460 539
460 541
461 341
461 343
461 344
461 345
461 349
461 352
461 353
461 354
461 505
461 507
461 508
461 510
461 523
461 525
461 526
461 528
461 534
461 535
461 538
461 540
461 543
462 337
462 340
462 342
462 344
462 346
462 353
462 354
462 505
462 507
462 508
462 509
462 525
462 527
462 537
462 538
462 543
463 341
463 343
463 345
463 352
463 502
463 503
463 508
463 509
463 510
463 523
463 525
463 536
463 537
463 542
463 546
464 339
464 340
464 341
464 343
464 350
464 502
464 509
464 510
464 522
464 524
464 530
464 536
464 539
465 340
465 343
465 344
465 510
465 511
465 522
465 523
465 525
465 532
465 538
466 338
466 341
466 342
466 343
466 349
466 511
466 512
466 517
466 518
466 521
466 530
466 532
466 533
466 537
466 538
466 541
467 340
467 342
467 347
467 512
467 513
467 516
467 517
467 520
467 529
467 536
467 537
467 544
467 545
468 341
468 346
468 513
468 514
468 516
468 518
468 519
468 521
468 528
468 530
468 536
468 539
468 543
469 340
469 345
469 511
469 514
469 515
469 517
469 518
469 520
469 527
469 529
469 533
469 535
469 538
469 539
469 542
470 344
470 515
470 516
470 517
470 526
470 527
470 532
470 534
470 537
470 538
470 541
470 542
471 513
471 514
471 515
471 517
471 522
471 525
471 526
471 531
471 532
471 535
471 537
471 540
471 541
472 510
472 511
472 512
472 513
472 516
472 525
472 526
472 531
472 532
472 536
472 539
472 540
472 543
473 509
473 510
473 511
473 512
473 520
473 522
473 524
473 525
473 528
473 530
473 533
473 535
473 538
473 539
474 510
474 519
474 521
474 523
474 527
474 529
474 534
474 537
474 538
475 518
475 520
475 521
475 528
475 529
475 531
475 533
475 536
475 537
476 515
476 518
476 519
476 520
476 521
476 524
476 527
476 530
476 532
476 535
476 536
