331 446
334 440
335 434
335 435
335 436
335 438
335 439
335 442
335 445
336 430
336 431
336 437
336 438
336 441
336 443
336 444
337 428
337 429
337 435
337 436
337 443
338 427
338 428
338 429
338 433
338 434
338 442
339 425
339 427
339 432
339 433
339 434
339 437
340 424
340 426
340 427
340 430
340 431
340 432
340 433
340 435
341 423
341 425
341 429
341 430
341 431
342 422
342 424
342 428
342 429
342 430
343 417
343 419
343 421
343 423
343 427
343 428
343 429
344 416
344 419
344 420
344 422
344 426
344 427
344 428
345 415
345 417
345 418
345 419
345 421
345 424
345 425
345 426
345 427
346 413
346 414
346 415
346 416
346 417
346 418
346 420
346 423
346 425
347 410
347 412
347 413
347 415
347 416
347 417
347 419
347 423
348 411
348 412
348 414
348 415
348 416
348 422
349 409
349 410
349 411
349 413
349 414
349 415
349 417
349 421
349 422
350 409
350 410
350 411
350 412
350 413
350 414
350 416
350 420
351 407
351 408
351 409
351 410
351 412
351 413
351 415
351 417
352 406
352 407
352 409
352 410
352 411
352 416
353 405
353 406
353 407
353 409
353 410
353 416
354 404
354 406
354 407
354 408
354 409
355 403
355 405
355 406
355 407
368 383
368 384
368 385
368 472
369 381
369 382
369 383
371 380
371 381
372 381
374 378
377 494
378 376
378 492
378 496
378 575
379 491
379 495
380 483
380 490
380 494
380 496
380 574
381 483
381 489
381 491
381 493
381 495
381 497
382 482
382 485
382 487
382 488
382 490
382 491
382 494
382 496
382 499
383 484
383 486
383 489
383 490
383 493
383 495
383 498
383 501
384 483
384 485
384 486
384 488
384 489
384 490
384 491
384 494
384 497
384 500
384 511
384 512
385 484
385 485
385 487
385 489
385 490
385 491
385 493
385 496
385 499
385 504
385 505
385 507
385 510
385 511
386 483
386 484
386 486
386 487
386 488
386 489
386 490
386 495
386 497
386 503
386 504
386 506
386 509
387 485
387 488
387 489
387 494
387 495
387 498
387 503
387 505
387 508
387 513
387 515
388 495
388 496
388 502
388 503
388 504
388 506
388 507
388 510
389 501
389 502
389 503
389 505
389 506
389 508
389 509
389 516
390 500
390 502
390 504
390 505
390 507
390 508
390 513
391 498
391 499
391 501
391 503
391 504
391 506
391 507
391 509
391 512
392 495
392 498
392 499
392 500
392 502
392 503
392 505
392 506
392 508
392 511
393 494
393 496
393 497
393 498
393 499
393 501
393 502
393 504
393 505
393 507
393 510
394 493
394 495
394 496
394 497
394 498
394 500
394 501
394 503
394 504
394 506
394 509
395 494
395 495
395 496
395 497
395 500
395 502
395 505
395 508
396 494
396 495
396 496
396 498
396 499
396 501
396 507
396 508
397 495
397 498
397 504
397 506
397 507
398 497
398 499
398 503
398 536
399 498
399 537
400 499
400 536
400 537
400 538
401 535
401 537
402 534
402 536
402 537
402 538
402 539
403 533
403 534
403 536
403 537
403 538
404 532
404 533
404 536
404 538
405 531
405 532
406 527
406 529
406 532
407 526
407 527
407 528
407 531
407 532
407 533
408 520
408 524
408 525
408 526
408 530
409 518
409 519
409 523
409 524
409 525
409 531
410 517
410 522
410 524
410 529
410 530
411 510
411 512
411 516
411 517
411 518
411 521
411 522
411 523
411 524
411 528
411 529
412 511
412 515
412 517
412 520
412 521
412 522
412 523
412 526
412 527
412 529
413 510
413 514
413 516
413 519
413 520
413 522
413 523
413 524
413 525
413 526
413 527
413 528
414 509
414 513
414 515
414 517
414 519
414 520
414 522
414 523
414 524
414 526
414 527
415 514
415 516
415 518
415 524
415 525
415 526
416 511
416 515
416 517
416 518
416 519
416 522
416 523
416 524
417 514
417 516
417 518
417 521
417 522
417 523
418 520
418 521
418 522
419 519
419 520
446 356
448 356
449 354
449 358
450 353
450 355
450 357
451 352
451 355
451 356
451 359
452 352
452 354
452 356
452 357
452 359
453 353
453 355
453 356
453 511
454 352
454 354
454 355
455 353
455 354
455 357
455 510
455 511
456 353
456 510
456 513
457 507
457 508
457 509
457 510
457 512
457 513
458 347
458 349
458 351
458 506
458 507
458 508
458 511
458 512
459 345
459 346
459 350
459 507
459 508
459 509
459 510
459 511
460 344
460 345
460 348
460 506
460 507
460 508
460 509
460 510
460 511
461 343
461 344
461 345
461 349
461 505
461 507
461 508
461 510
462 344
462 346
462 507
462 508
462 509
463 341
463 343
463 345
463 508
463 509
463 510
463 537
464 340
464 509
464 510
464 530
464 536
464 539
465 340
465 510
465 511
465 523
465 532
465 538
466 511
466 512
466 521
466 530
466 532
466 533
466 537
466 538
467 512
467 513
467 520
467 529
467 536
467 537
468 514
468 516
468 518
468 519
468 521
468 528
468 530
468 536
468 539
469 514
469 515
469 517
469 518
469 520
469 527
469 529
469 533
469 535
469 538
469 539
470 515
470 516
470 517
470 526
470 527
470 532
470 534
470 537
470 538
471 513
471 514
471 515
471 517
471 522
471 525
471 526
471 531
471 532
471 535
471 537
472 513
472 516
472 525
472 531
472 532
472 536
473 520
473 530
473 533
473 535
